0.000000 0.000000 0.000000 0.000000 0.000000 0.000000 0.000000 0.000000 0.000000 0.000000
0.000000 0.000000 0.000000 0.000000 0.000000 0.000000 0.000000 0.000000 0.000000 0.000000
0.000000 0.000000 0.000000 0.000000 0.000000 0.000000 0.000000 0.000000 0.000000 0.000000
0.000000 0.000000 0.000000 0.000000 0.000000 0.000000 0.000000 0.000000 0.000000 0.000000
0.000000 0.000000 0.000000 0.000000 0.000000 0.000000 0.000000 0.000000 0.000000 0.000000
0.000000 0.000000 0.000000 0.000000 0.000000 0.000000 0.000000 0.000000 0.000000 0.000000
0.000000 0.000000 0.000000 0.000000 0.000000 0.000000 0.000000 0.000000 0.000000 0.000000
0.000000 0.000000 0.000000 0.000000 0.000000 0.000000 0.000000 0.000000 0.000000 0.000000
0.000000 0.000000 0.000000 0.000000 0.000000 0.000000 0.000000 0.000000 0.000000 0.000000
0.000000 0.000000 0.000000 0.000000 0.000000 0.000000 0.000000 0.000000 0.000000 0.000000
# New slice 0
0.000000 0.000000 0.000000 0.000000 0.000000 0.000000 0.000000 0.000000 0.000000 0.000000
0.000000 0.000272 0.000544 0.000798 0.000987 0.001045 0.000933 0.000682 0.000356 0.000000
0.000000 0.000544 0.001096 0.001628 0.002039 0.002176 0.001934 0.001403 0.000726 0.000000
0.000000 0.000798 0.001628 0.002461 0.003144 0.003395 0.002995 0.002142 0.001095 0.000000
0.000000 0.000987 0.002039 0.003144 0.004107 0.004504 0.003932 0.002762 0.001394 0.000000
0.000000 0.001045 0.002176 0.003395 0.004504 0.005001 0.004323 0.002999 0.001500 0.000000
0.000000 0.000933 0.001934 0.002995 0.003932 0.004323 0.003769 0.002641 0.001329 0.000000
0.000000 0.000682 0.001403 0.002142 0.002762 0.002999 0.002641 0.001878 0.000955 0.000000
0.000000 0.000356 0.000726 0.001095 0.001394 0.001500 0.001329 0.000955 0.000490 0.000000
0.000000 0.000000 0.000000 0.000000 0.000000 0.000000 0.000000 0.000000 0.000000 0.000000
# New slice 1
0.000000 0.000000 0.000000 0.000000 0.000000 0.000000 0.000000 0.000000 0.000000 0.000000
0.000000 0.000544 0.001096 0.001628 0.002039 0.002176 0.001934 0.001403 0.000726 0.000000
0.000000 0.001096 0.002234 0.003372 0.004302 0.004642 0.004097 0.002932 0.001501 0.000000
0.000000 0.001628 0.003372 0.005221 0.006859 0.007550 0.006571 0.004595 0.002311 0.000000
0.000000 0.002039 0.004302 0.006859 0.009349 0.010591 0.009005 0.006106 0.003005 0.000000
0.000000 0.002176 0.004642 0.007550 0.010591 0.012354 0.010236 0.006766 0.003279 0.000000
0.000000 0.001934 0.004097 0.006571 0.009005 0.010236 0.008687 0.005869 0.002879 0.000000
0.000000 0.001403 0.002932 0.004595 0.006106 0.006766 0.005869 0.004074 0.002036 0.000000
0.000000 0.000726 0.001501 0.002311 0.003005 0.003279 0.002879 0.002036 0.001031 0.000000
0.000000 0.000000 0.000000 0.000000 0.000000 0.000000 0.000000 0.000000 0.000000 0.000000
# New slice 2
0.000000 0.000000 0.000000 0.000000 0.000000 0.000000 0.000000 0.000000 0.000000 0.000000
0.000000 0.000798 0.001628 0.002461 0.003144 0.003395 0.002995 0.002142 0.001095 0.000000
0.000000 0.001628 0.003372 0.005221 0.006859 0.007550 0.006571 0.004595 0.002311 0.000000
0.000000 0.002461 0.005221 0.008405 0.011589 0.013240 0.011181 0.007508 0.003669 0.000000
0.000000 0.003144 0.006859 0.011589 0.017085 0.020786 0.016597 0.010505 0.004943 0.000000
0.000000 0.003395 0.007550 0.013240 0.020786 0.027466 0.020280 0.012107 0.005522 0.000000
0.000000 0.002995 0.006571 0.011181 0.016597 0.020280 0.016144 0.010167 0.004764 0.000000
0.000000 0.002142 0.004595 0.007508 0.010505 0.012107 0.010167 0.006758 0.003274 0.000000
0.000000 0.001095 0.002311 0.003669 0.004943 0.005522 0.004764 0.003274 0.001622 0.000000
0.000000 0.000000 0.000000 0.000000 0.000000 0.000000 0.000000 0.000000 0.000000 0.000000
# New slice 3
0.000000 0.000000 0.000000 0.000000 0.000000 0.000000 0.000000 0.000000 0.000000 0.000000
0.000000 0.000987 0.002039 0.003144 0.004107 0.004504 0.003932 0.002762 0.001394 0.000000
0.000000 0.002039 0.004302 0.006859 0.009349 0.010591 0.009005 0.006106 0.003005 0.000000
0.000000 0.003144 0.006859 0.011589 0.017085 0.020786 0.016597 0.010505 0.004943 0.000000
0.000000 0.004107 0.009349 0.017085 0.028412 0.039738 0.027826 0.015766 0.006955 0.000000
0.000000 0.004504 0.010591 0.020786 0.039738 0.070310 0.039129 0.019402 0.008040 0.000000
0.000000 0.003932 0.009005 0.016597 0.027826 0.039129 0.027281 0.015361 0.006741 0.000000
0.000000 0.002762 0.006106 0.010505 0.015766 0.019402 0.015361 0.009593 0.004464 0.000000
0.000000 0.001394 0.003005 0.004943 0.006955 0.008040 0.006741 0.004464 0.002155 0.000000
0.000000 0.000000 0.000000 0.000000 0.000000 0.000000 0.000000 0.000000 0.000000 0.000000
# New slice 4
0.000000 0.000000 0.000000 0.000000 0.000000 0.000000 0.000000 0.000000 0.000000 0.000000
0.000000 0.001045 0.002176 0.003395 0.004504 0.005001 0.004323 0.002999 0.001500 0.000000
0.000000 0.002176 0.004642 0.007550 0.010591 0.012354 0.010236 0.006766 0.003279 0.000000
0.000000 0.003395 0.007550 0.013240 0.020786 0.027466 0.020280 0.012107 0.005522 0.000000
0.000000 0.004504 0.010591 0.020786 0.039738 0.070310 0.039129 0.019402 0.008040 0.000000
0.000000 0.005001 0.012354 0.027466 0.070310 0.236659 0.069675 0.026010 0.009621 0.000000
0.000000 0.004323 0.010236 0.020280 0.039129 0.069675 0.038561 0.018981 0.007818 0.000000
0.000000 0.002999 0.006766 0.012107 0.019402 0.026010 0.018981 0.011152 0.005021 0.000000
0.000000 0.001500 0.003279 0.005522 0.008040 0.009621 0.007818 0.005021 0.002379 0.000000
0.000000 0.000000 0.000000 0.000000 0.000000 0.000000 0.000000 0.000000 0.000000 0.000000
# New slice 5
0.000000 0.000000 0.000000 0.000000 0.000000 0.000000 0.000000 0.000000 0.000000 0.000000
0.000000 0.000933 0.001934 0.002995 0.003932 0.004323 0.003769 0.002641 0.001329 0.000000
0.000000 0.001934 0.004097 0.006571 0.009005 0.010236 0.008687 0.005869 0.002879 0.000000
0.000000 0.002995 0.006571 0.011181 0.016597 0.020280 0.016144 0.010167 0.004764 0.000000
0.000000 0.003932 0.009005 0.016597 0.027826 0.039129 0.027281 0.015361 0.006741 0.000000
0.000000 0.004323 0.010236 0.020280 0.039129 0.069675 0.038561 0.018981 0.007818 0.000000
0.000000 0.003769 0.008687 0.016144 0.027281 0.038561 0.026772 0.014984 0.006542 0.000000
0.000000 0.002641 0.005869 0.010167 0.015361 0.018981 0.014984 0.009313 0.004316 0.000000
0.000000 0.001329 0.002879 0.004764 0.006741 0.007818 0.006542 0.004316 0.002076 0.000000
0.000000 0.000000 0.000000 0.000000 0.000000 0.000000 0.000000 0.000000 0.000000 0.000000
# New slice 6
0.000000 0.000000 0.000000 0.000000 0.000000 0.000000 0.000000 0.000000 0.000000 0.000000
0.000000 0.000682 0.001403 0.002142 0.002762 0.002999 0.002641 0.001878 0.000955 0.000000
0.000000 0.001403 0.002932 0.004595 0.006106 0.006766 0.005869 0.004074 0.002036 0.000000
0.000000 0.002142 0.004595 0.007508 0.010505 0.012107 0.010167 0.006758 0.003274 0.000000
0.000000 0.002762 0.006106 0.010505 0.015766 0.019402 0.015361 0.009593 0.004464 0.000000
0.000000 0.002999 0.006766 0.012107 0.019402 0.026010 0.018981 0.011152 0.005021 0.000000
0.000000 0.002641 0.005869 0.010167 0.015361 0.018981 0.014984 0.009313 0.004316 0.000000
0.000000 0.001878 0.004074 0.006758 0.009593 0.011152 0.009313 0.006128 0.002942 0.000000
0.000000 0.000955 0.002036 0.003274 0.004464 0.005021 0.004316 0.002942 0.001447 0.000000
0.000000 0.000000 0.000000 0.000000 0.000000 0.000000 0.000000 0.000000 0.000000 0.000000
# New slice 7
0.000000 0.000000 0.000000 0.000000 0.000000 0.000000 0.000000 0.000000 0.000000 0.000000
0.000000 0.000356 0.000726 0.001095 0.001394 0.001500 0.001329 0.000955 0.000490 0.000000
0.000000 0.000726 0.001501 0.002311 0.003005 0.003279 0.002879 0.002036 0.001031 0.000000
0.000000 0.001095 0.002311 0.003669 0.004943 0.005522 0.004764 0.003274 0.001622 0.000000
0.000000 0.001394 0.003005 0.004943 0.006955 0.008040 0.006741 0.004464 0.002155 0.000000
0.000000 0.001500 0.003279 0.005522 0.008040 0.009621 0.007818 0.005021 0.002379 0.000000
0.000000 0.001329 0.002879 0.004764 0.006741 0.007818 0.006542 0.004316 0.002076 0.000000
0.000000 0.000955 0.002036 0.003274 0.004464 0.005021 0.004316 0.002942 0.001447 0.000000
0.000000 0.000490 0.001031 0.001622 0.002155 0.002379 0.002076 0.001447 0.000724 0.000000
0.000000 0.000000 0.000000 0.000000 0.000000 0.000000 0.000000 0.000000 0.000000 0.000000
# New slice 8
0.000000 0.000000 0.000000 0.000000 0.000000 0.000000 0.000000 0.000000 0.000000 0.000000
0.000000 0.000000 0.000000 0.000000 0.000000 0.000000 0.000000 0.000000 0.000000 0.000000
0.000000 0.000000 0.000000 0.000000 0.000000 0.000000 0.000000 0.000000 0.000000 0.000000
0.000000 0.000000 0.000000 0.000000 0.000000 0.000000 0.000000 0.000000 0.000000 0.000000
0.000000 0.000000 0.000000 0.000000 0.000000 0.000000 0.000000 0.000000 0.000000 0.000000
0.000000 0.000000 0.000000 0.000000 0.000000 0.000000 0.000000 0.000000 0.000000 0.000000
0.000000 0.000000 0.000000 0.000000 0.000000 0.000000 0.000000 0.000000 0.000000 0.000000
0.000000 0.000000 0.000000 0.000000 0.000000 0.000000 0.000000 0.000000 0.000000 0.000000
0.000000 0.000000 0.000000 0.000000 0.000000 0.000000 0.000000 0.000000 0.000000 0.000000
0.000000 0.000000 0.000000 0.000000 0.000000 0.000000 0.000000 0.000000 0.000000 0.000000
# New slice 9
