1.00000e+01 6.40000e-03 7.60000e-03 4.80000e-03
2.00000e+01 7.20000e-03 8.00000e-03 1.56000e-02
3.00000e+01 2.65600e-01 3.24000e-01 4.10400e-01
4.00000e+01 2.62000e-01 3.27600e-01 4.10400e-01
5.00000e+01 2.58000e-01 3.34800e-01 4.07200e-01
6.00000e+01 2.54800e-01 3.58800e-01 3.86400e-01
7.00000e+01 2.50400e-01 3.84800e-01 3.64800e-01
8.00000e+01 2.40800e-01 4.04400e-01 3.54800e-01
9.00000e+01 2.27600e-01 4.34400e-01 3.38000e-01
1.00000e+02 2.14400e-01 4.78000e-01 3.07600e-01
1.10000e+02 2.02000e-01 5.26000e-01 2.72000e-01
1.20000e+02 1.98400e-01 5.58800e-01 2.42800e-01
1.30000e+02 1.91200e-01 5.83600e-01 2.25200e-01
1.40000e+02 1.86800e-01 5.98800e-01 2.14400e-01
1.50000e+02 1.83200e-01 6.12000e-01 2.04800e-01
1.60000e+02 1.80400e-01 6.22400e-01 1.97200e-01
1.70000e+02 1.76400e-01 6.36000e-01 1.87600e-01
1.80000e+02 1.71200e-01 6.42400e-01 1.86400e-01
1.90000e+02 1.76800e-01 6.35600e-01 1.87600e-01
2.00000e+02 2.00800e-01 6.09200e-01 1.90000e-01
2.10000e+02 2.32000e-01 5.77600e-01 1.90400e-01
2.20000e+02 2.44800e-01 5.68400e-01 1.86800e-01
2.30000e+02 2.56400e-01 5.61600e-01 1.82000e-01
2.40000e+02 2.83600e-01 5.29200e-01 1.87200e-01
2.50000e+02 3.30800e-01 4.80800e-01 1.88400e-01
2.60000e+02 4.06000e-01 4.04800e-01 1.89200e-01
2.70000e+02 5.16800e-01 2.90800e-01 1.92400e-01
2.80000e+02 5.87200e-01 2.20000e-01 1.92800e-01
2.90000e+02 6.34800e-01 1.72800e-01 1.92400e-01
3.00000e+02 6.64400e-01 1.42400e-01 1.93200e-01
3.10000e+02 6.87200e-01 1.20400e-01 1.92400e-01
3.20000e+02 7.03600e-01 1.03600e-01 1.92800e-01
3.30000e+02 7.19600e-01 8.72000e-02 1.93200e-01
3.40000e+02 7.33600e-01 7.32000e-02 1.93200e-01
3.50000e+02 7.32000e-01 7.52000e-02 1.92800e-01
3.60000e+02 7.22800e-01 8.72000e-02 1.90000e-01
3.70000e+02 7.03600e-01 9.92000e-02 1.97200e-01
3.80000e+02 6.68400e-01 1.09600e-01 2.22000e-01
3.90000e+02 6.19200e-01 1.20000e-01 2.60800e-01
4.00000e+02 5.84000e-01 1.29200e-01 2.86800e-01
4.10000e+02 5.48800e-01 1.36000e-01 3.15200e-01
4.20000e+02 5.12800e-01 1.42000e-01 3.45200e-01
4.30000e+02 4.67200e-01 1.48000e-01 3.84800e-01
4.40000e+02 3.37600e-01 1.52800e-01 5.09600e-01
4.50000e+02 1.70000e-01 1.58400e-01 6.71600e-01
4.60000e+02 9.80000e-02 1.61200e-01 7.40800e-01
4.70000e+02 4.96000e-02 1.67200e-01 7.83200e-01
4.80000e+02 2.44000e-02 1.71200e-01 8.04400e-01
4.90000e+02 2.16000e-02 1.75600e-01 8.02800e-01
5.00000e+02 1.96000e-02 1.81600e-01 7.98800e-01
5.10000e+02 2.08000e-02 1.87600e-01 7.91600e-01
5.20000e+02 2.12000e-02 1.94400e-01 7.84400e-01
5.30000e+02 2.36000e-02 2.00000e-01 7.76400e-01
5.40000e+02 2.92000e-02 2.05600e-01 7.65200e-01
5.50000e+02 3.76000e-02 2.11600e-01 7.50800e-01
5.60000e+02 4.68000e-02 2.23600e-01 7.29600e-01
5.70000e+02 5.56000e-02 2.49600e-01 6.94800e-01
5.80000e+02 6.72000e-02 2.98000e-01 6.34800e-01
5.90000e+02 7.40000e-02 3.32800e-01 5.93200e-01
6.00000e+02 8.20000e-02 3.66000e-01 5.52000e-01
6.10000e+02 8.92000e-02 4.03600e-01 5.07200e-01
6.20000e+02 9.28000e-02 4.54800e-01 4.52400e-01
6.30000e+02 1.01200e-01 5.05600e-01 3.93200e-01
6.40000e+02 1.07200e-01 5.79200e-01 3.13600e-01
6.50000e+02 1.12000e-01 7.12400e-01 1.75600e-01
6.60000e+02 1.17200e-01 8.05200e-01 7.76000e-02
6.70000e+02 1.24000e-01 8.55200e-01 2.08000e-02
6.80000e+02 1.31200e-01 8.68800e-01 0.00000e+00
6.90000e+02 1.37600e-01 8.62400e-01 0.00000e+00
7.00000e+02 1.44800e-01 8.55200e-01 0.00000e+00
7.10000e+02 1.52400e-01 8.47600e-01 0.00000e+00
7.20000e+02 1.60400e-01 8.39600e-01 0.00000e+00
7.30000e+02 1.70800e-01 8.29200e-01 0.00000e+00
7.40000e+02 1.81600e-01 8.18400e-01 0.00000e+00
7.50000e+02 1.92800e-01 8.07200e-01 0.00000e+00
7.60000e+02 2.05600e-01 7.94400e-01 0.00000e+00
7.70000e+02 2.23200e-01 7.76800e-01 0.00000e+00
7.80000e+02 2.36400e-01 7.63600e-01 0.00000e+00
7.90000e+02 2.56400e-01 7.43600e-01 0.00000e+00
8.00000e+02 2.77200e-01 7.22800e-01 0.00000e+00
8.10000e+02 2.98000e-01 7.02000e-01 0.00000e+00
8.20000e+02 3.22800e-01 6.77200e-01 0.00000e+00
8.30000e+02 3.38800e-01 6.55200e-01 6.00000e-03
8.40000e+02 3.59200e-01 6.29200e-01 1.16000e-02
8.50000e+02 3.80000e-01 6.02800e-01 1.72000e-02
8.60000e+02 4.07600e-01 5.69200e-01 2.32000e-02
8.70000e+02 4.35200e-01 5.35600e-01 2.92000e-02
8.80000e+02 4.69200e-01 4.95600e-01 3.52000e-02
8.90000e+02 4.93600e-01 4.64400e-01 4.20000e-02
9.00000e+02 5.17600e-01 4.34400e-01 4.80000e-02
9.10000e+02 5.36400e-01 4.07200e-01 5.64000e-02
9.20000e+02 5.57600e-01 3.80000e-01 6.24000e-02
9.30000e+02 5.79600e-01 3.51200e-01 6.92000e-02
9.40000e+02 5.96000e-01 3.24800e-01 7.92000e-02
9.50000e+02 6.15200e-01 2.97600e-01 8.72000e-02
9.60000e+02 6.36000e-01 2.66800e-01 9.72000e-02
9.70000e+02 6.67200e-01 2.26800e-01 1.06000e-01
9.80000e+02 6.90400e-01 1.93600e-01 1.16000e-01
9.90000e+02 7.08000e-01 1.65600e-01 1.26400e-01
1.00000e+03 7.20000e-01 1.43600e-01 1.36400e-01
1.01000e+03 7.27600e-01 1.22800e-01 1.49600e-01
1.02000e+03 7.38800e-01 1.02000e-01 1.59200e-01
1.03000e+03 7.41200e-01 8.64000e-02 1.72400e-01
1.04000e+03 7.46400e-01 6.84000e-02 1.85200e-01
1.05000e+03 7.50800e-01 5.20000e-02 1.97200e-01
1.06000e+03 7.50000e-01 3.84000e-02 2.11600e-01
1.07000e+03 7.49200e-01 2.64000e-02 2.24400e-01
1.08000e+03 7.46800e-01 1.28000e-02 2.40400e-01
1.09000e+03 7.46400e-01 0.00000e+00 2.53600e-01
1.10000e+03 7.29200e-01 0.00000e+00 2.70800e-01
1.11000e+03 7.13600e-01 0.00000e+00 2.86400e-01
1.12000e+03 6.97200e-01 0.00000e+00 3.02800e-01
1.13000e+03 6.81200e-01 0.00000e+00 3.18800e-01
1.14000e+03 6.64000e-01 0.00000e+00 3.36000e-01
1.15000e+03 6.45600e-01 0.00000e+00 3.54400e-01
1.16000e+03 6.28000e-01 0.00000e+00 3.72000e-01
1.17000e+03 6.09600e-01 0.00000e+00 3.90400e-01
1.18000e+03 5.91600e-01 0.00000e+00 4.08400e-01
1.19000e+03 5.72800e-01 0.00000e+00 4.27200e-01
1.20000e+03 5.50400e-01 0.00000e+00 4.49600e-01
